000000000000000000000000000000000000000000000
000000000000000000000000000000000000000000000
000000000000000000000000000000000000000000000
000000000000000000000000000000000000000000000
000000000000000000000000000000000000000000000
000000000000000000000000000000000000000000000
000000000000000000000010000000000000000000000
000000000000000000000010000000000000000000000
000000000000000000000101000000000000000000000
000000000000000000000010000000000000000000000
000000000000000000000010000000000000000000000
000000000000000000000010000000000000000000000
000000000000000000000010000000000000000000000
000000000000000000000101000000000000000000000
000000000000000000000010000000000000000000000
000000000000000000000010000000000000000000000
000000000000000000000000000000000000000000000
000000000000000000000000000000000000000000000
000000000000000000000000000000000000000000000
000000000000000000000000000000000000000000000
000100100001001000000000000000000000000000000
011100111111001110000000000000000000000000000
000100100001001000000000000000000000000000000
000000000000000000000001100000000000000000000
000000000000000000000011000000000000000000000
000000000000000000000000100000000000000000000
000000000000000000000000000000000100001000000
000000000000000000000000000000011011110110000
000000000000000000000000000000000100001000000
000000000000000000000000000000000000000000000
000000000000000000000000000000000000000000000
000000000000000000000000000000000000000000000
000000000000000000000000000000000000000000000
000000000000000000000000000000000000000000000
000000000000000000000000000000000000000000000
