00000000000000000000000000000000000000000000000000000000000
00000000000000000000000000000000000000000000000000000000000
00000000000000000000000000000000000000000000000000000000000
00000000000000000000000000000000000000000000000000000000000
00000000000000010000000000000000000000000000000000000000000
00000000000000110000000000000000000000000000000000000000000
00000000000001100000000000000000000000000000000000000000000
00000000000000110011000000000000000000000000000000000000000
00000000000000000000000000000000000000000010000000000000000
00000000000000000000000000000000000000000011000000001100000
00000000000000000000000000000000000000000001100000001100000
00000000000000110011000000000000000000110011000000000000000
00001100000001100000000000000000000000000000000000000000000
00001100000000110000000000000000000000000000000000000000000
00000000000000010000000000000000000000000000000000000000000
00000000000000000000000000000000000000110011000000000000000
00000000000000000000000000000000000000000001100000000000000
00000000000000000000000000000000000000000011000000000000000
00000000000000000000000000000000000000000010000000000000000
00000000000000000000000000000000000000000000000000000000000
00000000000000000000000000000000000000000000000000000000000
00000000000000000000000000000000000000000000000000000000000
00000000000000000000000000000000000000000000000000000000000
