0000000000000000000000000000000
0000000000000000000000000000000
0000000000000000000000000000000
0000000000000000000000000000000
0000000000000110000000000000000
0000000000000110000000000000000
0000000000000000000000000000000
0000000000000010000000000000000
0000000000000101000000000000000
0000000000000101000000000000000
0000000000000010000000000000000
0000000000000000000000000000000
0000000000000000000000000000000
0000000000011010110000000000000
0000000000010000010000000000000
0000000000001000100000000000000
0000010000000111000000000000000
0000001000000000000000000000000
0000111000000000000000000000000
0000000000000000000000000000000
0000000000000000000000000000000
0000000000000000000001000010000
0000000000000000000110111101100
0000000000000000000001000010000
0000000000000000000000000000000
0000000000000000000000000000000
0000000000000000000000000000000
0000000000000000000000000000000
