000000000000000000000000000000000000000
000000000000000000000000001100000110000
000000000000000000000000001100000110000
000000000000000000000000000000000000000
000000000000000000000000000000000000000
000000000000000000000000000000000000000
000000000000000000000000000000000000000
000000000000000000000000000000000000000
000000000000000000000000000000000000000
000000000000000000000000000000000000000
000000000000000000000000000100000100000
000000000000000000000000001110001110000
000000000000000000000000011010001011000
000000000000000000000000000000000000000
000000000000000000000000000000000000000
000000000000000000000000000010001000000
000000000000000000000000000010001000000
000000000000000000000000000000000000000
000000000000000000000000000000000000000
000000000000000000000000000000000000000
000000000000000000000000000000000000000
000000000000000000000000000000000000000
000000000000000000000000000000000000000
000000000000000000000000000000000010000
000000000001100000000000000000000001100
011000000010100000000000000000000011000
011000000010000000000000000000000000000
000000000011100000000000000000000000000
000000000000000000000000000000000000000
000000000000000000000000000000000000000
000000000000000000000000000000000000000
000000000011100000000000000000000000000
011000000010000000000000000011000000000
011000000010100000000000000011000000000
000000000001100000000000000000000000000
000000000000000000000000000000000000000
000000000000000000000000000000000000000
