0000000000000000000000000000000000000
0000011000000000000000000000000000000
0000001000000000000000000000000000000
0000001010000000000000000000000000000
0000000110011000000000000000000000000
0000000000011000000000000000000000000
0000000000000000000000000000000000000
0000000000000000000000000000000000000
0000000000000000000000000000000000000
0000000000000000000000000000000000000
0000000000000000000000000000000000000
0000000000000000000000000000000000000
0100000000000000000000000000000000000
0111000000011000000000000000000000000
0000100000010100000000000000000000000
0001010000000100000000000000000000000
0001100000010100000000000000000000000
0000000000011000000000000000000000000
0001100000000000000000000000000000000
0001000000000000000000000000000000000
0000111000000000000000000000000000000
0000001000000000000000000000000000000
0000000001100000000000000000000000000
0000000000100000000000000000000000000
0000000111000000000000001110000000000
0000000100000000000000010001000000000
0000000000000000000000100000100000000
0000000000000011000000100000100000000
0000000000000011000000111011100000000
0000000000000000000000000000000011000
0000000000000000000000000000000010100
0000000000000110000000000000000000100
0000000000000010000000000000000000110
0000000000011100000000000000001100000
0000000000010000000000000100001000000
0000000000000000000000001010101000000
0000000000000000000000010110110000000
0000000000000000000000010000000000000
0000000000000000000000110000000000000
0000000000000000000000000000000000000
